31
9 0 1 1 1 1 1 1 1 1 1
9 1 0 1 1 1 1 1 1 1 1
9 1 1 0 1 1 1 1 1 1 1
9 1 1 1 0 1 1 1 1 1 1
9 1 1 1 1 0 1 1 1 1 1
9 1 1 1 1 1 0 1 1 1 1
9 1 1 1 1 1 1 0 1 1 1
9 1 1 1 1 1 1 1 0 1 1
9 1 1 1 1 1 1 1 1 0 1
9 0 1 1 1 1 1 1 1 1 0
9 1 0 1 1 1 1 1 1 1 0
9 1 1 0 1 1 1 1 1 1 0
9 1 1 1 0 1 1 1 1 1 0
9 1 1 1 1 0 1 1 1 1 0
9 1 1 1 1 1 0 1 1 1 0
9 1 1 1 1 1 1 0 1 1 0
9 1 1 1 1 1 1 1 0 1 0
9 1 1 1 1 1 1 1 1 0 0
6 1 2 3 4 5 6 5
6 2 3 4 5 6 1 6
6 3 4 5 6 1 2 3
6 4 5 6 1 2 3 2
6 5 6 1 2 3 4 4
6 6 1 2 3 4 5 99
7 1 2 3 4 5 6 7 4 
7 2 3 4 5 6 7 1 7
7 3 4 5 6 7 1 2 3
7 4 5 6 7 1 2 3 4 
7 5 6 7 1 2 3 4 2
7 6 7 1 2 3 4 5 124
7 7 1 2 3 4 5 6 6
